AISFH544MMH1	1.7	2	2010	2	50	1548	HMDS
DQ6HV116JKB4	1.7	2	2020	2	50	1548	HMDS
FJ8WT331JKA7	1.7	2	2030	2	50	1548	HMDS
FJ8WT348JKF5	1.7	2	2040	2	50	1548	HMDS
GD1TV245JKC3	1.7	2	2050	2	50	1548	HMDS
GCAMI782MMF5	1.7	2	2060	2	50	1548	HMDS
FJ8WT354JKA4	1.7	2	2070	2	50	1548	HMDS
GL5KX055SEC2	1.7	2	2080	2	50	1548	HMDS
WMCTE014ESB5	1.7	2	2100	2	50	1548	05EBR
FBERD727MMD4	1.7	2	2110	2	50	1548	05EBR
FJ8WT332JKF1	1.7	2	2120	2	50	1548	05EBR
GD1TV208JKE4	1.7	2	2130	2	50	1548	05EBR
FJ8WT352JKG6	1.7	2	2140	2	50	1548	05EBR
3JEXP227SLB7	1.7	2	2150	2	50	1548	05EBR
FCCGB508MMA1	1.7	2	2160	2	50	1548	05EBR
3JEXP312SLE6	1.7	2	2170	2	50	1548	05EBR
AHJYE621TMD0	1.7	2	2170	2	50	1570	POR1301
FBEUB565MMA7	1.7	2	2170	2	50	1570	POR1401
GD7LB593JKA7	1.7	2	2170	2	50	1570	POR1303
FJ8FV431JKB3	1.7	2	2170	2	50	1570	POR1403
3JFMR248SLG7	1.7	2	2170	2	50	1570	POR1302
GD2SM316JKC4	1.7	2	2170	2	50	1570	POR1402
WMCTE170ESD3	1.7	2	2170	2	50	1570	POR1304
3JG8G285SLF7	1.7	2	2170	2	50	1570	POR1404
GD1TV363JKC0	1.7	2	2170	2	50	1570	POR1301
GD1TV368JKB1	1.7	2	2170	2	50	1570	POR1401
GD1TV370JKB1	1.7	2	2170	2	50	1570	POR1303
GD2EG057JKF2	1.7	2	2170	2	50	1570	POR1403
GD7LC087JKD3	1.7	2	2170	2	50	1570	POR1302
GD2EG336JKE1	1.7	2	2170	2	50	1570	POR1402
GD7LC130JKB7	1.7	2	2170	2	50	1570	POR1304
GD7LC082JKE2	1.7	2	2170	2	50	1570	POR1404
KH05R110WFD5	1.7	2	2170	2	50	1570	POR1301
KH05R104WFB3	1.7	2	2170	2	50	1570	POR1401
KH05R103WFE4	1.7	2	2170	2	50	1570	POR1303
KH05R138WFC3	1.7	2	2170	2	50	1570	POR1403
KH05R024WFD7	1.7	2	2170	2	50	1570	POR1302
KH05R152WFA5	1.7	2	2170	2	50	1570	POR1402
KH05R101WFD3	1.7	2	2170	2	50	1570	POR1304
KH05R129WFC1	1.7	2	2170	2	50	1570	POR1404
GD7LD830JKD4	1.7	2	2170	2	50	1570	POR1301
GD7LD838JKA5	1.7	2	2170	2	50	1570	POR1401
GD7LB556JKD0	1.7	2	2170	2	50	1570	POR1303
FBEUB664MMD1	1.7	2	2170	2	50	1570	POR1403
A0ML0305SLB4	1.7	2	2170	2	50	1570	POR1302
FP8CZ342JKF0	1.7	2	2170	2	50	1570	POR1402
GD1TV263JKC7	1.7	2	2170	2	50	1570	POR1304
A0LWA341SLD1	1.7	2	2170	2	50	1570	POR1404